13501680343
13523458577
1082424100
13551084738
13931771007
13338477787
1058272727
13651918228
15924218889
13733829813
18016000053
13751023468
15016790613
1572761028
15803591376
13901102541
15869177012
15889624562
18038017220
15837912291
13950209564
13960800870
13428700196
17898803558
18670795305
1067506869
13552958175
18852388044
13990484045
14786689888
15806026673
13810359310
18117130506
1391234567
18651609299
15237959221
15901135495
18605131111
13379707200
1382167037
13823772765
13913000000
18866816660
03515602584
13801050300
13926008477
13201260644
15918856090
13392645789
15032132507
13704081751
13788123788
1076188536
13637540251
13302518180
1234567888
18903030203
13510551985
13714339619
1077162718
13423583305
13633332769
18682343707
13325099055
13774917606
18600015686
18983766676
110
13178682162
18261039321
13965261258
13931570155
18621274436
13948000370
1082083972
1080488520
13720097553
13975149883
18930878808
1084584285
18626006751
18822889916
15901510515
13916689199
1860120
1062626262
13501201754
13510604243
13728809855
13931444822
13817469945
13019458886
13858051298
137695648458
1066189095
15812340520
15821036687
15918716484
18600673129
13327826986
18657155829
18610275572
13755005500
13003988265
15916899919
15988958338
13503001132
13602549371
13905321830
1059986833
1066406850
18979539069
13277222202
13636629400
13207164694
13986166706
15555552861
1060720407
13820448843
13910101010
13660153324
15939948550
13902962041
18292854778
18255187638
13420986300
15777313886
15051122334
18650022887
1081139641
13700000000
13601944827
13560303036
1089755013
134
13451289156
13685780334
18260060166
15840799979
13118666739
15820145421
13852183883
13999061557
1590207686
15035880078
13560008166
18818198918
13808093320
18098958452
15879463129
